0 3 5 9 17 
0 5 6 9 10 17 18 
0 3 5 6 9 10 17 18 
0 3 5 9 10 12 17 18 20 
0 3 5 6 9 10 12 17 18 20 
0 6 9 15 17 23 
0 5 9 10 15 17 18 23 
0 5 6 9 10 15 17 18 23 
0 3 9 10 12 15 17 18 20 23 
0 3 5 9 10 12 15 17 18 20 23 
0 3 5 6 9 10 12 15 17 18 20 23 
0 3 5 6 9 12 17 18 24 
0 3 5 6 9 10 17 20 24 
0 3 5 6 9 10 12 17 18 20 24 
0 5 6 9 10 15 17 18 23 27 
0 3 12 15 20 23 24 27 
0 3 5 6 9 10 12 15 20 23 24 27 
0 3 5 6 9 10 12 15 17 20 23 24 27 
0 5 6 9 10 12 15 17 18 20 23 24 27 
0 3 5 6 9 10 12 15 17 18 20 23 24 27 
0 3 5 6 10 12 15 17 18 20 27 29 
0 6 9 10 12 15 17 18 20 23 27 29 
0 5 6 10 12 15 17 18 23 24 27 29 
0 3 6 10 12 15 17 20 23 24 27 29 
0 5 6 9 10 15 18 20 23 24 27 29 
0 3 6 9 12 15 18 20 23 24 27 29 
0 3 5 10 12 15 18 20 23 24 27 29 
0 3 5 6 9 10 12 15 18 20 23 24 27 29 
0 3 5 6 9 10 12 15 17 18 20 23 24 27 29 
0 3 5 9 12 15 17 18 23 24 30 
0 3 5 9 10 15 17 20 23 24 30 
0 3 5 6 9 10 12 15 17 18 20 23 24 27 29 30 